0
0
1.650626766002305
1.1443260223469172
3.093263792947654
1.9898678635092562
4.3396880941045435
2.6132053300004396
5.400074893911778
3.0707934193766415
6.283080693746919
3.4040753880698613
6.9959139395506815
3.6432362221262693
7.544393868204733
3.80993645861929
7.932998013057112
3.919273956974579
8.164898756408176
3.981151295705812
8.241989227354436
4.001172638199027
8.164898756408174
3.981151295705813
7.9329980130571105
3.919273956974579
7.544393868204731
3.8099364586192905
6.995913939550679
3.64323622212627
6.283080693746916
3.4040753880698627
5.400074893911776
3.0707934193766437
4.339688094104543
2.6132053300004427
3.093263792947653
1.9898678635092582
1.650626766002304
1.1443260223469183
0
0
