0
0
1.1443260223469174
1.650626766002306
1.9898678635092568
3.0932637929476567
2.613205330000441
4.339688094104547
3.070793419376643
5.400074893911784
3.404075388069862
6.283080693746925
3.64323622212627
6.995913939550691
3.8099364586192914
7.544393868204744
3.91927395697458
7.932998013057123
3.9811512957058137
8.164898756408183
4.001172638199027
8.241989227354443
3.9811512957058133
8.164898756408183
3.91927395697458
7.932998013057121
3.8099364586192914
7.5443938682047404
3.6432362221262693
6.995913939550688
3.4040753880698618
6.283080693746925
3.0707934193766424
5.400074893911785
2.613205330000441
4.339688094104549
1.9898678635092568
3.093263792947658
1.1443260223469174
1.6506267660023064
0
0
